-476.482612
-480.153975
-480.831635
-480.003216
-480.662271
-480.908585
-475.125631
-475.619580
-481.530093
-483.450144
-359.524203
-345.678007
-361.923114
-345.828161
-340.942450
-365.868331
-372.546379
-370.608958
-358.491204
-368.079901
-131.107034
-26.590935
-139.226616
-192.961109
-139.031483
-174.695899
-126.173862
-144.255137
-167.420347
-156.744977
545.664198
517.248054
810.349124
451.548500
969.259456
433.331773
663.760437
578.213714
557.776955
655.186777
1958.389425
721.738502
1712.821408
2117.810668
1853.520035
1933.922103
2105.555846
636.526764
141.555667
2196.076703
3255.364939
3154.843374
3185.609835
3071.497169
3233.841539
3230.259661
3176.163262
3088.584708
3219.302130
3281.076531
3218.255540
3446.050876
3459.890697
3155.216839
3276.415438
2430.882923
3129.347330
3001.359635
3219.272230
3489.259713
3998.216046
3688.901883
3996.043932
3716.076984
3845.713856
3906.891812
4002.733512
3849.469906
3911.039131
4040.950914
4442.026065
4390.782263
4419.061561
4304.902481
4411.668352
4611.612679
4517.297173
4379.549346
4451.072655
4443.011335
4936.117966
4898.863920
4906.715434
4776.598342
4713.627739
4912.092558
4842.460091
4961.500087
4877.514677
4692.018968
4554.423049
4576.930329
4541.858061
4489.509538
4535.050195
4584.578066
4511.763650
4586.103100
4634.316880
4592.945724
5091.789401
5085.270420
5114.092094
5168.908649
5279.596151
4911.729916
5175.641680
5172.975987
4959.547849
5007.131381
5147.114292
5185.065647
5367.564691
5327.588857
5405.524494
5263.350188
5146.924177
5215.470246
5153.713421
5421.358864
5790.145579
5689.048704
5934.151401
5690.501043
5711.454219
5687.783887
5873.908025
5776.334744
5795.821811
5798.423300
5728.952031
5961.621215
6022.864327
5884.201676
5773.812410
5756.169128
5909.730776
5741.276875
5944.695410
5919.529691
6050.416487
6362.351320
6066.103242
6432.200249
6475.663545
6092.152328
6278.778735
6416.304076
6202.899892
6386.655133
5953.441703
6200.233023
6142.235397
6172.481612
6161.878010
6163.408434
6143.503774
5825.765978
6175.927717
6114.290368
5908.969199
5962.966486
6189.011131
6262.115122
6366.686206
6033.981823
6210.389767
6416.398214
6130.227696
6301.972137
6490.742805
6382.117902
6223.879595
6410.675218
6346.044507
6496.313209
6441.009213
6442.091524
6423.923453
6551.194953
6567.717862
6693.648925
6509.845447
6639.822483
6463.193205
6222.036849
6515.945002
6336.323925
6455.247352
6484.145355
6175.268836
6163.020583
6178.396149
6302.700612
6148.911946
6380.267824
6204.618206
6207.730955
6282.680010
6365.640938
6882.776478
6752.406640
6938.717352
6731.909669
6755.294695
6832.231012
6773.831870
6777.441063
6707.385018
6841.449717
6807.636540
7034.268395
6859.395820
7134.235681
6918.365902
6907.108311
7017.573952
6845.197554
6930.400601
6884.037697
6998.477906
7035.132788
7143.999170
6992.460696
7206.720790
7093.664845
7054.392308
6979.015262
7039.456122
7132.094250
6991.869578
7021.590964
6917.922409
6854.334482
6751.812571
6977.667490
6778.177135
6943.178900
7042.252799
6933.468948
6916.438803
6980.616302
6932.061605
6975.251718
7016.926270
6996.961577
7002.771316
6877.810466
6788.745375
6746.184500
7049.890501
7210.183637
7003.984227
7203.076911
7019.810716
7107.146733
7164.714520
7173.012372
7012.942691
7017.346705
7069.453405
7297.151833
7134.236575
7168.452039
7154.108577
7321.751169
7044.833292
7276.457514
7110.405596
6971.779417
7025.184322
6989.842780
6898.476950
6989.574273
7060.964053
6964.483593
6947.984276
7055.699597
7061.104520
6978.209363
6975.037439
6952.482092
7075.783082
7001.747368
7241.743449
6995.705501
6979.234665
7027.619130
7012.002811
7141.487919
7079.936252
7068.806093
7046.097325
7078.582356
7157.661663
7071.008911
7263.411083
7147.888210
7206.449337
7106.875531
6713.227447
6600.610761
6648.292978
6541.269289
6537.252870
6607.254283
6453.042913
6486.917897
6600.106762
6485.531217
6897.336342
6871.425777
7108.499242
690.512543
7178.097649
7042.221738
6951.850237
6931.905623
6073.277401
6922.734364
6876.883229
6726.425704
6749.799636
6621.315828
6746.651160
6737.222094
6503.686667
6619.887052
6611.610854
6514.062989
7625.662230
7616.827306
7538.400220
7646.863338
7515.487185
7402.950256
7599.707285
7492.980687
7435.494999
7402.422142
7467.934580
7468.863229
7430.639433
7040.571091
7474.062551
7356.376064
7280.628942
7223.960780
7465.264446
7076.997645
7548.946885
7379.971372
7621.809318
7602.650985
7733.468660
7607.341528
7513.225325
7622.669858
7555.839383
7681.856511
7123.212047
7052.785713
7259.612166
7182.643156
7152.430610
7197.229524
7215.722483
7237.152675
7115.067246
7238.847402
7216.081695
7124.399708
7183.191911
7178.073387
7126.685248
7185.859685
7171.269437
7341.582722
7074.820085
7163.165379
7569.517868
7600.344533
7495.262781
7621.623889
7846.489230
7475.278174
7493.900679
7503.050586
7786.261615
7433.566833
7639.657490
7595.569883
7733.111893
7741.252199
7641.144231
7578.330838
7693.035874
7729.597182
7611.963315
7792.559093
7606.009341
7595.048039
7642.127580
7469.199548
7592.025626
7397.152929
7511.506621
7552.923221
7659.751988
7456.936885
7658.398897
7733.744899
7637.731753
7505.103552
7623.556415
7608.185410
7767.326806
7716.633999
7675.414006
7563.528234
7984.421199
7877.805881
7850.834157
7796.756296
7802.823445
7822.413914
7865.803029
7951.863455
8000.188896
7865.155105
7285.457681
7500.660121
7514.221868
7538.312014
7621.517374
7521.956040
7573.617160
7478.776688
7747.081992
7480.407322
7768.100561
7637.662972
7849.352396
7642.419488
7612.971920
7652.733696
7610.908823
7812.516561
8019.702382
7881.108808
7763.744245
7723.301328
7734.557466
7378.306348
7749.592814
7718.059465
7650.558913
7652.996119
7580.146914
7749.091969
7711.136269
7731.120391
7767.371952
7821.059001
7790.422017
7929.617352
7631.466610
7849.811501
7782.239808
7871.300532
7967.121411
7897.567326
7800.163541
7856.409447
7687.328617
7699.179602
7836.927246
7831.005616
7759.493623
7890.304963
7930.861775
8259.327489
7984.232429
7791.262339
7796.314743
8026.472578
8051.588071
7974.325793
8124.314830
7996.416508
8020.014848
7931.198993
7949.951663
8160.202819
7971.740393
7856.742654
8122.147435
7836.616822
7946.794342
7953.738993
8088.457868
8220.059827
7876.654409
8124.148737
8273.653991
8283.433814
8116.179198
8253.683276
8077.309773
8071.514178
7972.735771
8080.780390
8066.552112
7797.018014
8263.048495
8089.386843
7990.267294
7958.342815
7950.030997
8146.951775
7812.779624
7763.651873
7962.207153
7897.606936
7835.648380
7856.250473
7974.120633
7900.135114
7843.797194
7955.816541
7946.026900
8086.625748
8207.393102
7953.225956
7973.050058
8114.368618
8048.296769
8010.729793
7988.101122
7956.580591
8089.707930
7946.762782
7910.726195
7928.578574
8214.777187
8007.889410
8065.580630
8190.627178
8124.760538
8107.326044
8036.611505
8311.317298
8324.084252
8098.399622
8091.185487
8141.808930
8098.191291
7949.132684
8123.521135
8270.682596
8015.204478
8165.538013
8040.546670
8169.454894
7975.846193
8100.924613
8137.123385
8130.348363
8199.826740
8079.451553
8148.869296
8250.918376
8178.825286
8138.710285
8036.477275
7980.208741
8079.262558
8124.643412
8199.646440
7936.040203
8355.127103
8066.353215
7819.064981
8220.973186
8233.195543
8149.012358
8150.898887
8125.995094
8108.531495
8268.612661
7957.196197
7997.401850
8126.514801
8044.741129
8097.899805
7850.573531
8127.991750
7851.199700
7839.884727
8006.985780
8192.204846
8272.535970
8187.045411
8410.153914
8326.873910
8194.839263
8190.849453
8069.889181
8395.952193
8143.105520
8247.536911
8496.235732
8183.663584
8055.341232
8218.198976
8298.229236
8516.989120
8240.303650
8205.817069
8265.965087
8083.114230
8231.038149
8175.799130
8361.175128
8334.512579
8143.761151
8133.134684
8466.561655
8176.320246
8372.812451
8388.258402
8402.028459
8393.033077
8321.896437
8195.142580
8221.189987
8248.130521
8314.704934
8426.367998
8394.536170
8407.005981
8373.697551
8638.084627
8409.215144
8499.791628
8613.437621
8646.876422
8352.305485
8516.365531
8410.631694
8304.905325
8247.164367
8236.065737
8533.369297
8125.341488
8228.885727
8109.883666
8201.117765
8336.868684
8077.206385
8192.007020
8411.365319
8298.529127
8130.600041
8274.284915
8266.114759
8293.311406
8490.567812
8412.809132
8267.628919
8358.427122
8506.332953
8482.336788
8584.169240
8447.704560
8541.154033
8503.423874
8475.706767
8382.178879
8384.785338
8380.230934
8565.470285
8536.965846
8221.936003
8421.608740
8407.734088
8437.726574
8364.170565
8348.507648
8226.296236
8154.863163
8015.226252
8091.494369
8103.668243
8002.505701
8196.500893
8112.170213
7976.510989
7772.284817
8272.105487
8373.319573
8358.958777
8304.438048
8497.370147
8229.376039
8322.661096
8398.641454
7999.061432
8250.681708
8400.787655
8391.780769
8374.699803
8385.310880
8099.307288
8190.103790
8397.090500
8306.410043
8369.160820
8548.284086
8424.684112
8488.529523
8592.683307
8480.809564
8303.158676
8318.732423
8521.137328
8493.856203
8389.642259
8413.751212
8420.391912
8472.819818
8368.727572
8300.995246
8528.480266
8732.604900
8610.092004
8352.213663
8584.831045
8674.092481
8371.177168
8517.872062
8477.530645
8612.674241
8473.920972
8459.831995
8224.269158
8502.241952
8654.264416
8538.076063
8386.448943
8618.223988
8566.646191
8500.343344
8281.555188
8482.773314
8694.484651
8768.337346
8800.499170
8642.862755
8730.142963
8365.340337
8463.471525
8546.226552
8704.029296
8372.270661
8273.234424
8640.077223
8456.610001
8397.375140
8339.085026
8600.570025
8508.911007
8258.677330
8407.545672
8347.336463
8351.447515
8426.171659
8471.996581
8281.160811
8297.168000
8664.791230
8801.303318
8360.989407
8669.632981
8570.837754
8597.563503
8567.373701
8741.761710
8909.227605
8609.485847
8664.908504
8681.735526
8884.965355
2977.726124
8522.236180
8630.412690
8699.645806
8565.142338
8592.101833
8838.584744
8624.408761
8711.743612
8818.824943
8839.326958
8704.141681
8608.903382
8645.489606
8541.268936
8609.961251
8647.076692
8981.759846
8759.586552
8799.328445
9034.980691
8921.629810
8780.766955
8798.403015
8765.427553
8816.835714
8707.048693
8564.706313
8867.070964
8854.095092
8673.835784
8784.026871
8819.522906
8780.399541
8764.392666
8897.730744
8801.443710
8804.245350
8824.130195
8545.447221
8672.425548
8567.571114
8785.301575
8616.957729
8959.814792
8736.583299
8730.233428
8861.802965
8818.870254
8878.202071
8811.531633
8551.834238
8794.691328
8874.635170
8782.504780
8902.307601
8837.626348
8847.711307
8994.093483
8927.445622
8713.486744
9074.262328
9044.213884
8720.841477
8909.163716
8756.181591
8919.192233
8841.757717
8991.949481
8894.099092
8817.042500
8852.479572
8962.881060
8832.090684
8861.823443
8692.787695
9004.304906
9102.746208
8869.900397
8931.747423
8977.310853
8938.097789
9006.912483
8965.320516
9123.791369
8988.250932
8867.919013
8847.054950
8893.094536
8829.164365
8750.942174
8776.670267
8858.558265
8786.684992
8752.397742
8983.788715
8644.952038
9027.208489
8724.840784
8906.725471
9110.709199
8860.719621
8974.444194
9063.180282
9061.797870
9081.868851
8801.333061
8928.216380
9023.482639
9134.044577
9092.710611
8858.488590
8894.794531
8898.971288
8975.240464
8830.396621
9172.593112
9131.883253
8940.271742
9121.631020
9119.849598
9117.259436
9068.597824
8908.804879
9138.479617
9049.368786
9011.494463
8975.428134
9105.801961
9086.285458
9265.944633
9075.397641
9065.647462
9233.718738
8729.267726
9144.632696
9088.896116
8994.246216
9162.568176
9195.691072
9179.638624
9143.454296
9091.731911
9175.480462
9246.487834
8978.900648
9294.946050
8782.710609
8699.660481
8551.599004
8499.703453
8720.874998
8700.277769
8761.996464
8812.781025
8913.425887
8709.594388
8926.089914
8923.517419
9064.399660
8847.045094
8952.259983
9043.983009
8807.860755
8949.145139
9042.315326
8988.960831
9108.481785
9265.010478
9133.855578
8929.958916
9233.171337
9209.234041
8970.402517
9073.739202
9093.890554
9123.123790
8858.217470
8749.835348
9084.168880
9137.628753
8886.938573
9093.696241
8818.920795
8760.489533
8688.374360
9101.027974
8851.558130
8835.825856
9113.022353
9071.224153
9047.885893
8918.924038
8940.477138
9002.893798
8998.065936
8933.564193
9058.534409
9368.303721
8889.075473
8705.428913
9054.798380
9101.355771
9171.322738
9204.810441
9244.878756
9352.311747
9109.713734
9234.658072
9163.347705
9257.310179
9024.388607
8865.909095
9287.192223
9113.446629
9108.531348
8931.857702
8950.930869
9177.258661
9200.073578
8954.732899
9203.455282
9067.849297
8958.381845
9003.933364
8918.209359
9110.101307
8928.653672
9304.865949
9251.111429
9163.793366
9142.055833
8885.472165
9055.179186
9358.037422
9246.234662
9225.349820
9231.370010
8848.295398
8990.006531
8911.991793
8674.113791
9148.749345
8937.075841
8791.887741
8991.852451
8858.433697
9241.244224
9071.984023
9318.135315
9206.581743
9252.096056
9205.380656
9261.286963
9154.756418
9287.211916
9273.580334
8721.469600
8668.625365
8628.866907
9032.578134
8859.806511
8824.209500
8496.273341
8791.238850
8760.839910
8851.592223
9231.799324
9158.878050
9102.580577
9023.791471
9272.014508
9080.440849
9324.163868
9311.011355
9142.241844
9005.881555
9215.250961
9381.723233
9417.832463
9231.331443
9498.963985
9150.516816
9133.910789
9299.716431
9416.834100
9468.548616
9103.936287
9205.304703
9204.009746
9146.388252
9095.686532
9077.595787
9044.891853
9059.954306
9131.507116
9169.003398
9333.687969
9285.859227
9339.816085
9498.375218
9481.117114
9355.598302
9296.785563
9310.493834
9207.317725
9217.765565
9119.086521
8968.586340
9010.229483
9139.497462
9255.020041
8781.166620
9221.123492
8976.659399
9075.862390
9008.073173
9502.827966
9231.370353
9235.445714
9471.742272
9333.697854
9569.181414
9342.284651
9476.200580
9486.956224
9453.220118
9236.894423
9453.107230
9254.112117
9064.107856
9291.244434
9303.893830
9119.216467
9224.593887
9255.506551
9228.059283
9249.561437
9116.511423
9305.700024
9264.030287
9311.175619
8884.946659
9124.264403
9432.770858
9292.487443
9355.952552
9409.985589
9149.526572
9551.569132
9444.096690
9335.135775
9570.245990
9288.568934
9436.692138
9235.932322
9266.372201
9227.054313
9338.847696
9469.027665
9358.865020
9364.863276
9457.896303
9324.789647
9414.296372
9298.820490
9431.919625
9250.378096
9319.672890
9369.210532
9316.832167
9273.081169
9249.581685
9402.914950
9343.425454
9214.474397
9429.297131
9375.144279
9229.263922
9310.358815
6765.256103
9250.376542
9293.555934
9279.182538
9320.340071
9173.734051
9296.707278
9525.164581
9358.557956
9551.714620
9424.557981
9319.689755
9303.511438
9531.499944
9459.660353
9330.150163
9492.893492
9522.107669
9320.657448
9395.825167
9228.843010
9452.771332
9449.838901
9370.976258
9454.690425
9634.795959
9379.921685
9265.744602
9164.471364
9489.724311
8939.678069
9395.527546
9311.028768
9446.815122
9303.042171
9124.645621
9302.829938
9431.927435
9621.017943
9320.211690
9529.824776
9491.131222
9429.508818
9450.230729
9749.598485
9556.576506
9448.976881
9565.354285
9599.604629
9379.513687
9705.499354
9549.386864
9578.801289
9437.145041
9337.403874
9630.007155
9697.572016
9506.172626
9657.102741
9378.298187
9295.277355
9425.119256
9525.046644
9613.077123
9397.694075
9419.525817
9595.193979
9299.586778
9325.387145
9651.683155
9492.989607
9583.111159
8873.709522
9478.856035
9357.883306
9122.405596
9395.335834
9695.129668
9697.515364
9616.220298
9477.975977
9756.832485
9469.426277
9752.066081
9470.319736
9627.425514
9581.335911
9517.191424
9596.543126
9690.918475
9664.101257
9592.900783
9674.488562
9794.361995
9855.982616
9673.517940
9735.269924
9533.539170
9541.155988
9565.202975
9542.802549
9541.607474
9453.882246
9510.674006
9622.939738
9362.193365
9556.156924
9268.992570
9064.311558
9479.112351
9377.873569
9367.848215
9294.384633
9426.703718
9433.820610
9110.963719
8967.625163
9753.116712
9679.281011
9546.679720
9631.872658
9788.904105
9599.012806
9448.124570
9558.275997
9665.033423
9919.832531
9724.048392
9626.721204
9369.428111
9669.101279
9352.965575
9602.047476
9588.285616
9511.695844
9698.349732
9709.989344
9255.305651
9176.950760
9298.133161
9475.661448
9406.707633
9232.152608
9513.688192
9458.310559
9379.722655
9438.899891
9451.366672
9257.278545
9581.240803
9194.189953
9322.068420
9408.350382
9419.713664
9228.646127
9254.333534
9349.397115
9618.708930
9579.372597
9615.894308
9783.322403
9587.190873
9589.736817
9647.568488
9807.114116
9427.684698
9805.505145
9459.396942
9515.678592
9637.654258
9581.547041
9482.705900
9729.962741
9557.924862
9362.992795
9546.460998
9699.329492
9909.244182
9958.246642
9715.167828
9608.039384
9784.178362
9618.995738
9894.854650
9666.818645
9716.681874
9868.638661
9697.607185
9746.455761
9606.669266
9736.886654
9478.558213
9488.170750
9722.358306
9538.881067
9634.786630
9820.832747
9911.961710
9581.830620
9535.008579
9811.621985
9623.698281
9677.552135
9564.954968
9622.191826
9440.274288
9593.350114
9840.615151
9760.144108
9576.122360
9468.935172
9853.792540
9767.518911
9675.515187
9788.372932
9873.198555
9906.121778
9558.316337
9839.451592
9857.756230
9564.323399
9762.251850
9558.728797
9806.797060
9742.609746
9534.952313
9645.887117
9684.057383
9505.742007
9736.074572
9533.426946
9529.401639
9782.854945
9617.937634
7874.005356
9610.371036
9426.708220
9328.013536
9811.210113
9504.078920
9690.215870
9509.289026
9463.191033
9342.928484
9733.775480
9602.475271
9820.226992
9836.616367
9740.229355
9600.960263
9900.943802
9776.921149
9539.848948
9769.634129
9625.746030
9888.429871
9756.671230
9748.398668
9468.138668
9535.347575
9541.065707
9669.216425
9591.968439
9485.031372
9646.248365
9629.608507
9617.057868
9714.689916
9378.693533
9415.012138
9627.427407
9223.973072
4573.482547
9697.909276
9347.798453
9363.622786
9590.413409
9820.425295
9720.286441
9833.981551
9736.516589
9784.249794
9790.063321
9933.600228
10101.414887
9919.982239
9771.193994
9841.261258
9719.060946
9885.231319
9763.297930
9645.920804
9919.321822
9772.435250
9697.855026
9811.447183
9900.192965
9699.415045
9884.333222
9981.294105
9964.808206
9591.125923
9900.918979
9827.321341
9858.047982
9847.447095
9912.315784
9886.859351
9691.394067
9662.661639
9777.859127
9747.098695
9778.544843
9609.544735
9874.197437
9792.070243
9809.548657
9944.028504
10108.989167
9674.044144
9705.660636
9561.625017
9772.268720
9819.721740
9765.442581
9834.833890
10014.737293
9607.883498
9845.132179
9642.619626
9685.978079
9551.042486
9419.026651
9623.378736
9532.379996
9564.052654
9747.989598
9840.793254
9555.590755
9908.113027
9640.446767
9773.714636
9709.171955
9612.118198
9677.699184
9717.074919
9768.296008
9715.280993
9765.751087
9931.583124
9809.874637
9741.828484
9781.790674
9894.010881
9793.616560
10018.173106
9582.129809
10051.120774
9931.096407
9864.479068
9930.230261
9989.317895
10250.337865
9942.608451
9944.364635
10102.148250
10226.336110
9510.427456
9806.283800
9636.782781
9498.608735
9792.188411
9945.283971
9648.606683
9486.599044
9740.090366
9777.701019
9868.466709
10073.629486
9682.583099
9772.203982
9885.331169
9782.647310
9979.780678
9728.419040
9964.919663
9834.399926
9753.588986
9941.018721
9753.646432
10137.310478
9861.565270
9675.811824
9762.002283
9958.958617
10072.807808
10108.822469
9953.008998
9983.334359
9894.622625
9969.215742
9940.495408
10163.453659
9902.958456
9789.194148
9948.230737
9857.534717
9809.847633
9545.266549
9093.172072
9852.746460
9794.780274
9498.379839
9398.729678
9532.658282
9784.152562
9807.879750
9790.731939
9860.261210
9703.328631
9719.017385
9767.396153
9795.754854
9888.810943
9802.801387
10055.297096
9601.713962
9824.831010
9722.742630
9806.253626
9720.256715
9908.067817
9946.803976
9761.178332
9916.551123
9672.792413
9929.655296
9717.616418
9618.796708
9649.396199
9967.814731
9942.445769
9886.824056
10070.615933
10019.306760
9656.672916
9978.219116
9795.347318
10153.109401
9803.774175
9879.729611
9892.492495
10020.483687
9922.789171
9947.576991
9768.368559
9782.711339
9096.238451
9311.915465
9167.978522
9641.217386
9319.179960
9029.832024
9036.112836
9586.830336
9174.172593
8720.636674
9870.780414
9771.324575
9741.012865
9786.257182
9819.035808
9829.806961
9928.070465
9625.502292
10017.124898
10068.339301
9574.358290
9620.772153
9592.912937
9339.540100
9439.120576
9593.018003
9559.907569
9583.678822
9596.748530
9503.674439
10124.408049
9997.010447
9887.653429
9931.327961
9987.582575
10145.476790
9858.570892
9988.752774
9661.255657
9913.783273
9881.050013
9627.203475
9971.195848
9720.124446
9996.852867
9696.291861
10068.743784
9792.087297
9863.776841
9931.894558
9571.920009
9623.485823
9632.231163
9706.468025
9456.609496
9954.731745
9692.440944
9657.064885
9776.486538
9674.947634
10000.110440
10217.397581
10302.254281
10066.672998
10122.951175
9829.343757
9820.654455
10264.215086
10154.642416
10009.507827
9645.718151
9778.229274
9586.557983
9590.425916
9701.104104
9545.162364
9846.521180
9810.724822
9610.352243
9637.498977
9966.855647
10102.687719
10147.477014
9961.823411
9886.243010
9913.281500
9901.338019
9692.528427
10086.690412
9851.521085
9851.678982
9676.133660
9738.905671
9728.472725
10053.885381
9896.947557
9873.302850
9946.098483
9708.641922
10145.932382
9883.879649
9813.435994
9895.321410
9741.953962
9670.973314
9751.033273
9398.758803
9805.985725
9573.496192
9990.485870
9987.634343
9934.547945
9742.728130
9933.849988
9636.864482
9995.251336
9729.746085
9624.677345
9934.700173
9689.411873
10078.034141
10284.287268
9938.154518
10261.079486
10106.918389
10318.297355
10158.989231
10253.998761
9837.011747
10164.374961
9937.127243
9965.051897
9916.562018
10049.697184
9943.633497
9520.739562
9782.140682
9877.305344
9835.373472
10079.953911
9575.667091
9271.928948
9289.225087
9699.620219
9479.265075
9227.449193
9244.558125
9340.288571
9401.060636
9355.695521
9841.239994
9959.754131
9721.789076
9876.309150
9962.265424
9914.010886
9620.155516
10075.565788
9538.591547
10022.596068
9939.277971
10033.926549
9961.833878
9940.515719
9827.090529
9900.279215
10121.833787
9892.140152
9955.630884
10085.649025
9686.376652
9509.116847
9751.072148
9748.476014
9499.858081
9801.758556
9848.237237
9840.432859
9831.056875
9708.615953
9808.517566
10014.390310
10145.515544
9992.497887
10055.522920
10041.701946
9819.560765
9888.430063
9785.537590
9735.944797
9821.808526
9790.876011
9927.132976
9997.979252
9770.814483
9962.196562
9842.845648
9869.106219
9965.476234
9761.898110
9874.841271
10130.724274
10167.906830
10138.841235
10238.801295
9967.393421
10142.907728
10360.291074
10054.545063
9880.809069
10285.376434
10206.833090
10090.558656
10206.618911
10168.570219
10246.271583
10030.654982
10032.650657
10208.184084
10197.661631
9976.573525
9942.171954
10067.670818
9842.173296
10036.494393
9874.013751
10109.081284
9885.610729
9949.633848
9951.042537
9848.718861
9718.800678
9521.276142
9877.415948
9881.583444
9779.619334
9418.279925
9621.164479
9694.237542
9969.838346
9682.612410
9812.421190
9944.883282
10051.567928
9740.210743
9907.344484
9535.248056
9875.626230
10003.939379
9758.921109
10206.942447
10262.594112
10347.346228
10143.574422
10195.258384
9904.064811
10149.766256
10047.031345
10111.413090
10198.663855
10062.589370
10008.350536
9964.957874
10101.824791
9907.237385
9876.974824
10026.391073
9901.233327
10133.047534
9949.333141
9770.710504
9776.546008
9663.036179
9626.326717
9542.280098
9858.132445
9423.447660
9766.155870
8999.552832
9592.068381
9880.162848
9879.597493
9977.084629
10072.141820
10022.998920
9979.208751
9982.324554
10005.910206
9990.852190
9850.382974
10056.719012
10124.310219
10104.352884
9932.590304
10101.528929
10014.405456
10166.189001
10286.273490
10064.225500
10083.996076
10036.056882
10152.977991
9945.296063
9959.847946
10178.535224
10118.924775
9943.825537
10029.686674
10158.761180
10140.554462
10313.956117
10213.779963
9912.974237
10254.182165
10199.962368
10196.073527
9866.856528
10062.979620
10262.085244
10341.699713
10118.022925
9760.764043
10142.374885
10262.817948
10139.299995
9984.838052
9981.562912
10090.705146
9911.843104
10015.191848
10198.075374
9967.918879
10163.404022
9791.585257
10065.644555
10050.233234
10231.156969
10220.917553
10082.697164
10066.284831
10070.808899
10095.978519
10003.652494
10160.229354
9967.750642
10165.436799
10193.048387
9852.541556
10014.395173
10099.445578
9833.364351
9909.828643
10153.278367
9970.992499
9872.742229
9832.142167
9721.903799
9713.517641
9706.297048
10127.872048
10238.981952
10080.019173
10183.795100
10111.619691
10332.054510
10196.861473
9928.244636
9990.235840
10014.514663
10270.319036
9926.790841
10064.468743
9782.735798
9997.524510
10063.094328
9945.465003
9979.964130
9997.909341
9990.049368
9940.833132
10025.605018
10256.469129
10368.972721
10083.110514
10299.833458
10227.394077
10330.146860
10177.597543
10246.897220
10142.990128
10286.992168
10112.240261
10522.948800
10153.979740
10560.655981
10306.017937
10245.767804
10102.227526
10406.173465
10312.873819
9712.552694
9929.198083
9677.312191
9805.264206
9823.714254
9723.842874
9528.545464
9887.804386
9933.671124
9890.016143
9877.890317
9783.319260
9938.744107
10099.921455
9873.649047
10116.501287
10058.256772
10036.425160
10012.836949
10069.324615
10193.150792
10412.084440
10300.224141
10412.200198
10137.735675
10523.366129
10553.223771
10189.356532
10304.755445
10318.997886
9980.421399
10135.263005
10299.354312
10012.838664
9996.741165
10059.923908
10042.772698
9928.721423
9801.574211
10057.174453
9954.067007
9937.146434
9902.680946
10010.356790
9915.649407
10064.804518
9947.792565
10100.085901
9999.163279
10014.074089
10168.653293
10244.560952
10164.301807
10189.603570
10177.541450
10316.895244
10020.861424
10387.143789
10278.818901
10236.689742
10258.124533
10282.707195
10238.478764
10505.583007
10350.625616
10147.771196
10056.423354
10020.426615
10351.993848
10377.685641
9861.740754
10013.353054
9691.807972
9820.242852
9864.854066
9762.111500
9786.018597
9687.388498
9872.414191
9865.681799
10012.558344
9927.143861
9853.051162
9944.777836
9862.543016
9892.080726
10030.459446
10175.761027
9985.744851
10010.106245
9435.348884
9712.612937
9656.249359
9649.296205
9721.363432
9423.542938
9637.100763
9588.314987
9634.234282
9597.786017
10250.188090
10089.641860
10448.053034
10181.543085
10137.529932
10057.204516
10312.141484
10273.574486
10319.318080
10159.095359
10084.651207
10173.256890
9829.899560
9874.015969
9920.205675
10142.799584
9943.657076
9844.056813
9903.699155
9723.178431
10237.570205
10345.351663
10338.192789
10258.074586
10388.980202
10259.257049
10172.071994
10437.376314
10056.394575
10278.632518
10076.939326
9806.093491
9999.876527
10145.629629
10027.139449
9951.783178
10088.755443
10095.738914
10163.825831
9778.111696
10214.104588
10002.540159
9742.839751
10247.243362
10209.148671
10169.403136
10212.071506
7311.210102
10204.364747
10256.040665
10262.181049
10241.926880
10159.192596
10268.940799
10386.873441
10145.213205
10356.734429
10201.233809
10315.864210
10191.080596
10116.975402
10062.080663
10255.926693
10298.859795
10138.110305
10136.878684
10327.752117
10340.211012
10277.561376
10186.252271
10384.594864
10264.692292
10297.726149
10282.488702
10201.292478
10130.332404
10038.574254
10114.488923
10221.109905
10120.391065
10111.562591
10435.102481
10161.052550
10201.341957
10324.866088
9838.116919
10240.508323
10481.598486
9855.230166
9644.108246
10169.001744
10333.215240
10446.648543
10291.244652
10302.408902
10256.372682
10340.936708
10442.755833
10262.659878
10201.383508
9246.638621
9320.414522
9300.087974
9025.812622
9135.771359
9501.788910
9342.785716
8844.023627
9390.286358
9120.881433
10076.911151
10179.358702
10070.404147
10057.752700
10151.788541
10228.301384
10006.158785
10196.447714
10020.454962
10309.623374
10198.307918
9971.550299
10105.316319
10046.673655
10273.156207
10191.873978
9959.102367
9899.458248
10076.315499
10066.331493
10271.430099
10341.220665
9987.903323
10320.537223
10154.670692
10252.640762
10155.163380
10262.711967
10251.067677
10288.317578
10160.820996
9902.890599
10204.998361
10048.369461
10071.534073
10085.910595
10014.929371
10017.154935
10031.505033
10001.374262
10243.526413
10092.492768
10142.391109
9851.763216
10120.370247
10229.715148
9971.450002
10177.114741
10004.213859
9956.162847
10375.980966
10344.812112
10314.417761
9835.762249
10225.858477
10177.474437
10223.397285
10416.786905
10179.886291
10372.343608
9876.814817
9368.677840
9621.111376
9834.475346
9282.912572
9561.087593
9406.285948
9420.716891
9730.411121
9581.947370
10414.306166
10378.060801
10440.072159
10393.488128
10306.822610
10245.707232
10457.206802
10231.200168
10337.025392
10214.413897
9929.418177
9842.728168
10087.218169
9765.883589
9481.026643
9938.064659
9773.603663
9909.116739
9937.168238
10049.000219
9826.365728
9998.292168
9906.546688
3596.862785
9928.234292
9960.533924
9343.690832
10338.387206
10140.080767
10098.302024
10172.442595
10365.126682
10438.393845
10130.361677
10445.572627
10437.468227
10346.386449
10371.892832
10465.391842
10275.149722
9445.088088
10046.102148
10287.793990
10464.427740
10354.418807
10279.344228
9680.803466
9782.303474
10331.069929
10034.755287
10278.075552
9843.641246
10328.162400
10255.699843
10062.565899
9998.858618
10169.147860
10139.027301
9986.034633
10144.420590
9803.388769
10182.981789
10252.106891
9768.510478
10412.809359
9962.714042
10217.033784
10253.503754
10195.226401
10121.221548
10302.692633
10262.474489
10270.886690
10182.184303
9990.242196
10583.461267
10082.952499
10170.210910
10315.318590
10137.662900
9956.304078
9948.373754
10170.791891
10014.295539
10098.669905
10255.644772
9883.379554
10383.531777
10531.667472
10104.620898
10231.866999
10462.737411
10250.277529
10258.192886
10517.018715
10045.824146
10439.458315
10313.143781
10174.035130
10085.855488
10229.060991
10251.994890
10100.513285
10249.311985
10130.236873
10131.056889
10172.588364
9920.712760
10321.918779
10310.579303
10009.049389
10290.947844
10172.152290
10190.169072
10146.300785
10065.340101
10083.052221
9944.036871
10139.886920
10085.610369
10048.087782
10220.656200
10117.153224
10121.014006
9933.015240
10025.660855
9917.221257
10134.756450
10184.085124
10025.195925
9817.387179
10127.752218
10039.443460
10099.027570
10152.814614
10010.777368
9851.086326
10256.066843
9976.064024
10233.525297
10207.999544
10258.056536
10267.538444
10175.732458
10061.497457
10120.771900
10232.002925
10095.322250
9949.623817
10159.949019
9643.413951
9704.861766
9636.593852
9891.663495
9668.723864
9755.119303
9771.379854
9708.856545
9689.305422
9790.523265
10160.259463
9773.688510
10186.241622
10204.878441
9850.027111
10020.113062
10324.457734
10146.317104
9880.775127
9987.026366
9975.336773
9704.794494
10151.405134
9684.405702
10236.006921
10018.606051
10081.774390
10130.739686
9907.755980
10191.414028
10328.742109
10327.557400
10448.233558
10381.791738
10267.674858
10432.335385
10146.690438
10269.395471
10407.050974
10514.139654
10110.094699
9895.559137
10028.841929
9812.824480
9768.286993
9909.493899
10011.873601
9848.738538
10074.709737
9814.616438
10412.798710
10564.053818
10315.613271
10565.414495
10343.118451
10439.477392
10472.554429
10664.661728
10523.820856
10236.151187
10180.005604
10174.097813
10208.447241
10370.953908
9914.959925
9931.724764
10330.331652
10234.516342
10199.089109
10100.746413
10170.709591
10438.713708
10484.949697
10313.496430
10426.628720
10364.729671
10047.348486
10262.567008
10383.412385
10263.068431
10166.681329
9655.801655
9911.621950
9484.692222
9748.466485
9664.649310
9614.545816
10135.175478
9758.109424
9532.663096
10341.649840
10413.265513
10183.229723
10423.254665
10284.752060
10352.680463
10368.036951
10384.003526
10555.883370
10374.203896
10194.300173
10477.743203
10422.071538
10580.604632
10028.611469
10461.374627
10310.879569
10344.142963
9967.799677
10445.834933
10409.205568
10297.336825
10134.922798
10370.599794
10329.377285
10627.988317
10243.473375
10310.431085
10517.783669
10129.984342
9710.862643
9658.829962
9534.388483
9742.621724
9664.478344
9758.310299
9551.207029
9662.332407
9628.652693
9654.257409
10305.197048
10399.735851
10454.697720
10495.254083
10251.300004
10252.164023
10323.886570
10143.487931
10333.135818
10423.350878
10434.557806
10393.361902
10522.879628
10148.771438
10445.001340
10370.314638
10415.968837
10363.411109
10438.014479
10612.779301
10265.431532
10118.291638
10421.817538
10658.021853
10473.574358
10336.097172
10439.786615
10298.435556
10556.748654
10351.010421
10259.959289
10256.379267
10473.464420
10304.797134
10369.383367
10238.533691
10376.887705
10383.981680
10320.200248
10225.503457
10340.628917
10527.687450
10417.522013
10354.647325
10273.319575
10316.248475
10315.658235
10219.060306
10486.470759
10465.725053
10473.206278
10310.488892
10421.862534
10347.483637
10354.127991
10342.465539
10263.825846
10566.807954
10538.351874
10470.133212
10122.384419
10267.936402
10448.465957
10410.928316
10212.285350
10160.141303
10347.807952
10406.643980
10154.356194
10388.811844
10182.696635
10290.372862
9989.783822
10296.410687
10297.915881
10120.163009
10205.689929
9837.512611
10382.199113
10289.159299
9775.128562
9991.545033
10153.758573
10103.060582
9937.769184
10175.923854
9930.457434
10078.194429
10029.641689
10123.207423
10295.196461
10267.486268
10202.900049
10423.590618
10326.550930
10421.885992
10340.921795
10145.108570
10325.835754
10208.723874
10314.546870
10480.368730
10405.201741
10358.597078
10314.634842
10378.115799
10313.089104
10290.655358
10293.650583
10642.166632
10065.294026
10202.082854
9938.315571
10085.825471
10125.071153
10250.083758
10210.939075
10023.483202
9754.341141
10335.804130
10425.355545
10177.366776
10362.998895
10377.423734
10320.171123
10399.867900
10457.256354
10412.598729
10440.334051
10133.350668
9875.417531
9963.965351
9959.826110
9839.522545
9264.331564
9928.238250
9995.942733
10166.296937
9836.358639
10020.521733
10018.265292
10452.265942
10288.447532
10264.867006
10213.745717
10518.488497
10325.838415
10078.890653
10176.426839
10158.277204
9424.854777
9353.352175
9249.253359
9486.652145
8953.487567
9241.279668
9384.159870
9202.666323
9176.297760
9245.583411
9936.485549
9807.371541
9989.570920
9835.453835
10077.351739
9866.614299
9679.961680
9939.980351
9943.936309
9997.413272
10049.674190
9844.492900
9946.038092
9839.514196
9954.661128
9666.194442
9865.887360
9647.456936
10160.434632
9664.461510
10395.273999
10146.072259
10455.950396
10037.782789
10181.322946
10172.632157
10195.802579
10261.596796
10402.340692
10487.583496
10092.111952
9493.384206
9877.332930
10185.953869
9904.498416
5159.857797
10035.028121
9673.343788
9872.636773
10025.731755
8975.027970
8914.563035
9064.088618
8951.827863
8848.361314
9035.891468
9157.722070
9068.747132
8963.409240
9091.955788
9468.266591
9243.177166
9289.069680
9073.002002
9317.170470
9248.710801
9287.383064
9222.709621
9365.249990
9083.810940
10225.748090
10340.937882
10223.100400
10219.753306
10222.255877
10275.836445
10202.848996
10225.698765
10430.298242
10137.959566
9686.545406
9833.170815
9728.065446
9783.290489
9907.052946
9890.451578
9684.738523
9870.877115
10146.211454
9736.271386
10473.237804
10229.933623
10259.529318
10336.981424
10196.199814
10064.359630
10483.477332
10108.555769
10157.841810
10249.890295
9463.859215
9498.738115
9277.652984
9397.459883
9401.914644
9582.705501
9416.903177
9533.985944
9047.096820
9801.973527
10266.597180
10094.170016
10221.183887
10161.347210
10266.216258
10389.915088
10243.766672
10388.503269
10031.226132
10494.652540
9408.684495
8889.312838
9586.508640
9294.914383
9153.863477
8690.955145
8992.368441
8902.669095
9309.163773
6505.849483
9950.455837
10098.627604
9926.590993
10203.290754
10303.773870
10006.200250
9837.649112
9831.454683
10111.503851
10189.937399
10185.989266
10288.585338
10234.952933
9905.212652
10071.409494
9936.044138
10116.269951
10407.858581
10254.464400
10156.118931
10150.336645
10367.092043
9983.717403
10296.392934
10274.610421
10373.176972
10401.856464
10050.121370
10332.232051
10337.810871
10376.443333
10182.205999
9972.042628
10403.088685
10373.096645
9998.306643
10216.067398
10323.635012
10201.347921
10368.887634
9624.324636
10056.994910
10067.927030
10166.408384
9866.780852
10015.043552
9805.850042
1438.189821
9921.635701
9735.771505
8755.875386
9259.143742
9161.380277
8860.424772
8982.209406
8831.822095
8948.640354
8965.621853
8734.080024
9067.342884
10064.939808
10301.176570
10289.442189
10384.230772
10333.327940
10088.402708
9786.214400
10241.170863
10162.283286
10071.599590
8204.769045
8413.235421
8616.496721
8390.866862
8436.988950
8316.043649
8331.716045
8502.292924
8361.116303
8388.608509
10027.850047
10010.458852
10347.096765
10339.591424
9918.186702
9965.258099
10129.923757
10027.946702
10011.153032
10509.698452
10374.215693
10658.105326
10471.952831
10522.720543
10046.166049
10293.345228
10125.829528
10878.447687
10460.594649
10465.317661
9536.786088
9541.936536
9540.779360
9550.638617
9334.655162
9330.306350
9498.002367
9512.748513
9376.611786
9457.892385
9022.740297
10105.380884
10406.770825
9845.464441
10175.973373
8104.996060
10068.526427
10353.647119
10170.762889
9987.494199
10276.518781
10450.524096
10241.506577
10185.864553
10290.085776
10549.455135
10486.671183
10439.105328
10330.439421
10445.064574
10349.610745
10395.529509
10582.963104
9969.039823
10042.274471
10457.162828
10364.320680
10381.051323
10257.701006
10425.453118
9826.323845
9889.559147
10037.438989
9708.081295
9850.174993
10013.348679
9523.827500
1542.351961
10044.040611
9784.490752
10290.169471
10518.862715
10279.570705
10367.121430
10579.082214
10517.229998
10388.099367
10234.508722
10366.759565
10407.000068
10496.779674
10185.106901
10256.998957
10569.778971
10414.393944
10523.605867
10364.681508
10460.200980
10482.593704
10719.362016
10654.308131
10594.702937
10615.475889
10690.165799
10614.913515
10623.689821
10512.207856
10409.797745
10555.801323
10596.484993
10310.749917
10062.236916
10155.282376
10124.720821
9969.952629
10314.172326
10151.348506
10143.054994
10065.840710
10189.987340
10218.600773
10429.751232
10302.731626
10332.738464
10254.530729
10250.752996
10159.673179
10476.261534
10463.821042
10002.163288
10180.210075
10488.597670
10807.785904
10499.531879
10581.453547
10671.301106
10532.193160
10331.041436
10715.902622
10659.795459
10085.225780
10034.068329
9872.029739
10017.624659
10085.517968
10192.332370
9942.705723
9923.627902
10119.375321
10029.161779
10160.697921
10100.347652
10337.149826
10055.783058
10089.341223
10268.788368
10085.350203
10135.638415
10110.983813
10346.820345
10111.581402
10483.151980
10668.680070
10555.823761
10550.601135
10347.993345
10479.643996
10440.900440
10346.483836
10180.559878
10380.543343
10675.354297
10377.753283
10653.314718
10710.217105
10424.897799
10590.552625
10776.139906
10370.561963
10588.128844
9989.267180
10070.522782
9946.463314
10478.335081
10155.364651
9927.955463
9573.678010
10025.780980
9988.885829
10372.945135
10399.085711
10214.653378
9812.895634
10368.738745
10580.793226
10455.269994
10183.747759
10596.182824
10467.003361
10202.690706
10366.439572
10440.460701
10312.395670
10697.575770
10575.625782
10275.220768
10338.418479
10495.425467
10571.957103
10418.441481
10397.799329
10531.122801
10480.339889
10211.296156
10398.667792
10340.912972
10403.420634
10120.977251
10339.477211
10509.765266
9692.806531
9800.152833
9676.493130
9580.505029
10212.623222
10020.308451
10102.185225
9455.008135
9280.469064
9583.865075
9061.138554
9703.719431
9582.729612
9575.321898
9335.242657
9732.599493
9739.657174
9933.656564
9345.115100
9602.571276
9447.020258
9341.943452
9958.537371
9553.353389
10085.334671
9281.705058
9721.668751
9886.531984
9786.386906
10215.883041
10380.361603
10439.701011
10574.611721
10135.224351
10291.986771
10129.697785
10094.731610
10380.135737
10410.756064
10761.512807
10504.025666
10563.612455
10446.186165
10465.498612
10520.233239
10506.293527
10641.033085
10698.120167
10505.344301
10409.214069
10602.096099
10641.149523
10800.618158
10560.880853
10368.659607
10484.486051
9946.941119
10098.160183
10344.838633
10338.926271
10196.881259
9874.254218
10009.289210
10076.705804
9485.830993
9745.676463
9922.786261
10025.412468
10072.137594
9987.865873
10501.371146
10534.239895
10275.100472
10552.725704
10536.330919
10500.392479
10237.468725
10293.727912
10501.582085
10289.308562
10574.095324
10382.656450
10817.546946
10323.832897
9928.090976
10645.740245
10576.815659
10471.806762
10716.724196
10402.340947
10117.417037
10144.472053
10116.316068
9696.470607
10064.686095
10212.115323
10233.883121
9940.611387
10075.027332
10053.868204
10648.579589
10610.239783
10546.098213
10710.632646
10829.723926
10532.092013
10310.627754
10776.790488
10791.965088
10579.611579
10587.751724
10551.204985
10602.436030
10418.213915
10496.227363
10301.397419
10637.927841
10593.047483
10345.690087
10549.051255
9581.202315
9676.148482
9577.044745
8506.347424
9367.020868
9557.949262
9480.683046
-147.697755
9753.443075
9420.217760
9875.878531
10149.369065
9911.229961
10276.275836
3292.746835
10444.994933
9942.709888
10062.154623
9431.406003
10371.809681
10452.898891
10383.172639
10552.636119
10314.531030
10370.002613
10440.654736
10233.648771
10040.649519
10361.726233
10030.916121
10537.466058
10889.051398
10462.328623
10385.746875
10545.937664
10476.121872
10060.831378
10393.135882
10321.085693
10397.342062
10202.228376
10541.142549
10466.760257
10377.087204
10385.650629
10407.253343
10452.356392
10242.486664
10615.762250
10264.746619
10261.100651
10344.596761
10438.186669
10517.913890
10495.509009
10624.309993
10175.463936
10773.355641
10330.987958
10207.191884
9846.259556
10236.567503
9861.678143
9719.424444
9963.130832
9851.468297
9703.022325
10070.074591
9728.954952
9598.906674
10589.376417
9995.429159
10234.453398
9957.449267
10465.616577
9969.722277
10356.349446
10198.726927
10198.263529
10167.805780
8926.650119
9302.523418
9421.836476
9271.939153
7793.142489
9189.818798
9143.508017
9140.574704
8880.607727
9224.855852
9133.966739
9149.378671
9122.644153
9806.567732
9546.411235
9264.272544
9142.846987
9705.143144
9417.418193
9427.484568
10729.807963
10719.865108
10763.004831
10764.160336
10824.482959
10787.054116
10976.498549
10844.159370
10575.416001
11100.705445
