-56.709286
-173.979355
-40.163580
-187.580548
-89.896148
-173.649494
-28.025100
-109.157905
-100.492736
-31.257297
-29.969216
-37.478479
-61.739472
-42.105019
-38.595139
-83.808171
-30.912347
-25.969296
-44.073475
-1666.125933
-1086.049889
-1047.797102
-18.115294
-8.406655
-43.179123
-28.082683
-39.893114
-171.398974
-186.212538
-59.029935
-22.299070
-200.456415
-37.928292
-35.724678
-151.619893
-26.445757
-83.506989
-64.219315
-31.769998
-195.718185
14.938879
23.644674
-42.307044
12.838731
20.447285
-0.188536
2.322031
-39.934801
14.189393
51.306793
-14.576020
30.860615
-52.101137
-26.948085
-13.106688
-5.479730
51.392047
20.476393
36.298315
54.432960
362.856662
6.394129
34.694377
283.001073
341.047633
-8.443338
40.723362
36.925138
5.540422
35.099706
222.944718
107.069314
33.409165
113.413356
547.273455
210.545461
276.477073
34.869969
245.936700
19.107760
44.175456
412.807361
308.666694
671.077887
27.847724
624.361361
61.670299
75.995660
427.471944
260.712691
258.960553
194.757499
750.588436
89.867165
800.484591
37.844499
15.060543
80.044816
54.197143
624.739670
117.723170
405.055570
77.448376
402.515506
116.798673
150.029277
56.745081
63.007141
70.629247
563.003482
275.049337
792.845917
219.140349
118.575562
160.820555
573.660120
108.004365
86.392674
89.297296
54.498185
705.764524
689.402511
823.941580
83.898862
91.788134
772.186852
64.850881
67.759267
657.631747
19.676252
349.838906
825.674292
156.225957
51.409345
168.051436
756.611326
765.280374
41.738759
294.518929
169.520178
68.812990
241.723300
47.249057
542.924427
38.232892
153.490428
740.145175
48.806000
247.292877
791.235698
766.234260
592.800169
74.055523
76.859079
739.166854
541.320616
85.248914
32.731753
84.128301
765.870356
10.300997
85.904216
755.335821
720.701338
97.893691
29.373176
88.878570
213.280491
503.968285
15.906978
169.132442
297.225850
50.034870
31.781231
206.191103
764.261180
647.964016
293.679681
996.209417
747.285174
797.509190
613.769513
679.359821
863.936115
1016.001091
29.348436
739.773171
215.437342
581.014696
843.343917
39.199031
257.002306
824.663495
713.688006
60.186443
798.786775
872.189696
436.456900
60.462159
26.982669
812.475064
477.969889
56.103655
79.757962
745.841033
16.012752
85.244453
852.679363
6.960150
25.603164
947.845148
1128.008297
1758.037945
1131.335312
99.348886
835.380037
520.165306
749.288866
477.883048
184.813800
147.899697
1034.085744
217.218246
928.055006
1013.600228
15.835804
774.810993
1114.541077
644.775877
952.320525
94.515877
87.315977
933.503494
434.595207
671.415449
1382.953142
713.205145
216.490353
32.016934
848.725467
803.056460
759.427295
52.800669
855.480081
390.584495
937.369079
248.504704
53.032084
453.717771
218.740741
213.532059
991.369073
599.433288
543.809316
354.111577
114.300357
71.685984
26.865562
257.997110
198.508906
546.708071
890.235313
608.070077
549.650110
60.776320
1252.593979
810.058346
521.437818
383.110174
1217.037224
348.578889
1013.051045
299.517327
765.213509
556.085557
149.346878
967.793837
862.246170
1488.781471
139.277414
655.030998
262.184577
779.147262
328.537010
241.154006
276.285297
1305.659859
802.692977
918.513963
982.360778
470.930567
59.204198
597.310845
964.811987
421.633185
790.163731
166.969617
83.105581
39.550760
808.637627
673.136870
1814.021233
446.848019
1190.123874
406.457708
1151.987450
971.118264
410.915539
843.933757
219.865406
73.711961
853.713256
1516.260029
346.309061
165.228583
556.622966
947.914232
990.481773
865.792982
1448.065508
753.793429
967.754024
274.017902
549.956169
591.043431
37.337423
357.504526
489.699855
1331.697624
646.450128
652.880229
1306.196404
669.474246
1173.121404
131.673209
1418.276290
542.614306
486.799135
106.521234
735.969250
120.160060
1164.013066
546.777828
454.273532
1004.524455
2140.525627
1472.330218
2007.793600
253.214725
434.710253
1721.677710
932.868263
1559.737294
1635.266974
1657.826849
1234.108921
718.954634
1858.919794
470.255773
944.284079
2536.501235
2581.430723
243.212192
313.849790
1046.864366
2352.274082
1224.381731
2561.663953
614.998289
243.738505
841.854335
2379.241397
1094.027687
904.152422
2645.765328
834.591913
2334.914760
1406.694061
2619.457116
2474.150627
204.881238
330.249555
23.214597
32.053275
83.197277
427.326870
666.085582
43.710600
157.529488
1457.720712
655.200415
1451.124184
1035.347966
66.471179
397.460540
320.227393
303.553061
1281.983420
1046.460668
1196.083636
85.612093
2481.282639
136.919792
712.421973
2129.826746
2728.607870
1262.535776
729.453241
1732.501128
124.817638
1206.470566
239.163185
1339.358045
509.440858
2490.092758
1435.897875
3023.777809
565.705175
2039.621389
2773.353795
1969.233015
2662.070871
2806.131684
2740.785984
2575.214985
1871.319097
2712.517677
2918.061292
24.605690
1944.615727
1283.183801
1045.171932
162.214382
2547.215441
1575.650310
1205.701032
1452.094292
2903.606757
809.486261
76.966616
2688.838709
2580.637786
2664.332313
1231.182232
2639.082039
2636.206932
1676.715335
2772.732859
1746.172480
2580.094843
2473.448742
824.855516
2915.712521
2798.198660
566.319008
2633.217082
152.764008
2999.438571
384.404182
961.251977
2215.409268
729.802574
1294.509052
772.648207
3365.489676
3358.672242
3100.335039
3116.029228
3228.916347
3420.142973
1398.604325
1555.921150
1863.022179
2840.618985
2976.467009
348.498899
1756.561268
2939.408166
1446.413432
2087.368782
510.774520
1033.961473
199.446624
1222.312443
1470.653842
597.962809
15.017171
224.011151
193.649926
564.370876
1012.885340
1296.424585
2528.527912
1485.796149
1036.920566
896.938242
118.705778
3414.804054
3042.887544
1660.445876
2746.920882
1934.475567
2024.564369
799.059840
1184.742583
19.247197
2524.825399
2472.212049
1938.465839
1128.142394
2164.040946
1197.239421
3363.555531
1542.835527
1094.116528
905.419930
1356.491612
3098.048407
2656.431890
1356.471649
3186.421768
1459.165276
3508.975947
3077.241982
2874.506602
3550.440857
3345.841699
1839.418077
3235.778649
831.780037
3261.757915
3177.106795
494.745648
3074.302396
3024.102997
2889.531567
3279.436960
3254.552178
797.654003
3316.653052
3264.249780
1020.189296
1760.520469
853.842751
1029.147317
2536.205353
800.724423
1076.384820
3546.017712
1821.211182
906.266071
2230.870509
3602.821712
3397.425682
2274.992061
2642.614452
2558.560057
1984.859528
1510.024486
3595.371686
3014.145263
3203.982674
1683.599440
3298.017394
2843.333235
3274.713722
1084.514860
1792.686044
3114.139427
2913.173653
208.949593
3206.480145
2780.890106
2915.799635
2956.262241
3016.677843
1652.315736
2814.408050
65.485588
2893.234613
676.852710
1064.799216
3049.734112
3023.234688
3271.423342
1831.473833
1036.206646
2312.651821
2122.000669
2195.764349
3857.293115
1760.344605
3733.566785
2820.791786
3579.935860
3997.948078
2119.192932
3660.814270
3506.734208
621.978410
2870.315614
14.728958
1082.699053
2731.553682
2020.501011
3163.369979
1.139529
2789.059980
2926.303094
1742.750353
3553.838463
1415.943588
1926.262623
3409.345480
3396.986804
2395.528833
575.137229
2328.203084
3203.175615
3304.196655
2142.885948
816.417609
70.844272
3918.713409
275.580312
3831.375602
3630.608228
3738.206616
273.682304
1414.193938
1240.591660
3910.999421
3501.316595
3586.565702
1077.510796
3688.825353
2992.788381
3025.448183
3945.225707
4031.546864
2263.994401
128.088500
109.772121
2433.793707
2190.554365
995.035606
1424.177036
876.092410
1712.016355
1946.761501
3768.338783
1059.392296
3782.135476
377.460904
3874.448599
3929.872350
2873.439072
3925.929052
1469.101600
3879.124454
1692.129371
1372.344065
3402.418307
334.270428
2069.043936
2843.847274
590.972291
3050.922969
1044.934832
621.595743
3803.865263
3745.113152
3869.842056
1051.979251
3664.930416
2964.435643
4191.193553
2842.333127
3976.760058
3909.398980
1620.158879
3955.312904
4070.479506
3755.776326
939.761941
3992.026138
1946.632546
2364.951838
1713.579675
380.092686
3941.393495
3344.647563
2435.689259
3138.723932
3724.896920
3696.454166
3773.698671
2125.157007
2404.346154
875.776149
3915.951047
76.287038
4064.726310
4152.177288
2045.644219
3759.774516
1859.878948
4235.233682
3910.789831
4103.645031
3468.671499
4160.552421
4305.065575
4313.870985
4146.306020
4234.848444
4016.653428
4382.522959
383.702980
4194.990276
4151.076315
1127.247991
750.089584
2780.239371
3658.244424
501.304158
2943.958150
714.719659
4114.792582
1106.541373
3943.615551
3867.213757
3981.906142
828.850231
4256.093891
4068.950465
2027.560375
4181.107907
1043.444233
3227.589238
70.209157
2091.788700
842.099493
19.134037
1383.673519
1945.534767
17.673513
1192.049344
163.004216
3164.547244
3905.682681
2951.003500
2707.345366
1132.398808
3451.782584
1580.163188
905.289853
544.806304
731.634326
3937.991441
4460.520472
1859.265920
1314.327048
4123.651874
4003.706073
1356.420917
2760.595099
3087.187832
4463.884124
1328.063946
3868.048017
3960.064278
3907.643518
3863.107579
2519.052644
3885.917954
3690.140797
3717.199090
3625.291594
3876.167844
3897.348708
4169.426718
4288.981691
4197.662039
4306.248001
4371.071230
4450.204381
4138.496987
1009.591253
4157.048943
1326.710233
2264.488036
4011.963425
2679.376646
119.651592
874.815557
326.583507
131.450300
89.738848
1004.956503
4827.908428
4433.657855
4548.082626
3301.800716
4316.541387
1720.122314
4563.356614
4520.244973
4671.752323
4642.229349
3074.466051
3286.807472
3361.513947
4529.484751
1173.793011
2833.206159
3309.581353
632.171911
4080.054384
1109.255106
4561.926256
4424.669033
4467.881697
2288.048579
4586.953583
4667.255038
4547.486613
4269.780642
4427.842728
3551.405135
469.019624
793.090735
268.608458
657.422685
1124.987705
1257.226181
861.989058
239.439975
463.458884
511.652376
686.165591
4241.772698
482.074049
4271.780951
1036.210583
4081.022196
270.850499
4100.625077
1661.789474
4214.043753
161.255585
879.803390
4091.989053
2183.808190
4281.721402
4287.747969
1779.645325
4162.953111
4031.261561
851.392123
4113.000880
4096.750123
4272.999350
4303.039559
4047.697350
2672.861914
4434.159488
4321.305354
4342.547860
4088.121877
1024.664716
4488.657539
3692.468905
4528.226962
2478.240268
2933.345390
4189.143865
2722.533557
3819.061456
4068.841134
3752.034088
568.954869
380.307935
415.071598
4144.678297
183.573738
4196.470518
42.389653
860.040160
2385.471107
270.350042
4549.247099
3912.519896
1155.891224
4606.637305
3022.308362
1503.709157
1227.820950
4017.164706
3184.371174
915.480475
121.773349
4597.729912
3695.347970
3374.350204
4145.462934
4521.887292
2803.872697
4667.734217
84.938578
2104.610144
4401.097513
4504.264110
4333.470303
4330.427054
4590.001397
3210.940380
4242.225804
4550.136349
4317.051942
4196.136166
4068.512239
3918.904375
3976.965812
3932.400324
4192.526221
1872.950285
4324.998362
780.662537
4236.330901
4424.578226
3797.746093
4248.260187
4199.236565
3531.576316
1408.901880
4550.667781
4426.605188
2236.424544
2303.130805
4836.108985
1321.283566
3395.621442
1692.403739
4434.601166
4673.500597
4855.644499
4833.629337
4803.033003
4835.805551
4702.663013
4567.462500
2875.903698
4164.433949
4392.089108
1033.933624
4678.300259
4565.434353
4598.191048
4294.658754
4115.010886
4714.573239
3212.309377
4615.332224
4893.409496
4215.860572
984.369703
4630.660206
4681.574542
1041.267013
3423.549162
4788.376944
4629.509342
4890.428437
4249.387899
4614.213177
4582.643396
4642.077868
4889.451109
4729.545687
4271.759228
4392.670449
3657.810934
4895.688105
1859.140659
1079.185598
2834.465119
4343.955698
472.090361
4483.845872
4529.443115
3884.460052
1359.433849
624.224782
4427.011183
2883.695832
2199.201941
4662.078239
2898.152209
1645.547493
940.883111
2691.857748
1972.376143
1312.051894
4658.979078
1916.799851
2784.595444
3037.834065
411.356017
171.637045
3023.087018
875.992716
426.926366
4818.243814
2727.487754
4931.658294
4586.618217
4894.986229
4846.144982
5029.762660
1153.257172
4998.447780
4702.982314
5021.612958
5056.526521
5085.680475
1294.723070
4721.928681
4722.773606
4785.781552
990.821522
4547.440129
4827.567577
4614.327590
4868.987943
4829.075647
4730.594527
4601.444055
4952.189790
4694.591465
1013.091490
2921.959754
4856.821673
414.713571
160.859146
340.375905
1012.367820
2690.396148
2779.021854
1790.943694
4876.952047
5021.037290
4899.962518
4831.273012
478.450330
4912.682495
2054.637490
3373.848895
4981.950982
4738.426136
4781.780476
409.181014
4560.469823
206.947359
237.890917
925.008078
4874.016288
1587.449509
3794.162235
4593.492032
4296.638007
4038.432808
4466.976821
4271.657096
4431.482196
2460.869268
3888.563840
4626.788128
4446.132346
57.508678
5226.453079
5254.748131
5033.940695
5045.830051
5304.088526
1793.003681
5138.487222
3659.975767
1443.035394
5025.339407
2491.530727
4544.081997
4728.761222
4693.520858
4855.656374
4891.641835
4510.571114
1699.962948
3509.335737
4606.769857
958.241784
4856.103359
4916.110172
4789.976566
4879.517337
5183.966216
4781.803763
2733.739271
4899.212142
5031.027152
4920.896963
4491.212433
4934.598144
5264.792599
1616.400255
959.222161
4790.747390
191.072161
4761.854308
4950.578608
2828.657029
5020.190814
4753.962811
4307.844178
4830.656314
70.700279
4765.511430
3224.506572
4883.123088
4595.490340
5147.012360
5255.950956
5108.520924
4826.623937
5044.214938
5021.153338
5099.000024
3171.420074
5100.938031
5244.370608
5150.481294
3865.341912
5165.608136
5146.112624
263.027552
4859.339847
808.156464
5005.927927
297.494158
1108.255124
1461.700181
2183.849573
5245.277944
5023.504421
2593.184732
4593.203134
26.961681
3243.356960
3621.571133
5044.450568
5084.772978
5127.810042
5368.385099
5210.769003
2769.806969
5062.216035
3789.079265
5055.821261
1713.780511
5448.090783
2729.084522
4746.478846
948.431265
4789.924160
4891.151463
4763.495521
4636.291605
4572.513903
4538.356041
1733.010091
5313.808280
4913.220500
2724.243227
5137.499454
4718.881369
4751.135483
4843.130528
3191.173825
5219.334869
4967.268230
4955.709299
5071.148819
4984.729596
5241.059569
5336.965473
4849.092709
4911.961205
4927.863281
5029.773582
4871.424881
2175.143925
5264.550971
4730.073955
3117.369525
5186.558130
1671.335193
5183.625142
5190.675895
4961.092663
5144.710511
5010.446303
5064.530057
5019.948364
5066.163034
5022.332811
5180.719931
3435.634972
5081.384191
4951.773788
5358.614119
5222.153649
5186.731610
5053.128147
5247.840446
885.279527
5357.620167
2703.514362
5013.497341
4870.622703
1869.514472
4583.980956
1451.497348
4690.524186
4922.438504
4680.355180
5030.421472
641.153300
5042.630039
3531.950821
4719.777373
2074.756425
2488.668026
4883.980770
3212.971470
4844.425915
5068.757752
4906.592829
2440.452763
3980.810634
5004.243482
5128.511704
4582.192853
4962.036804
4976.333071
4746.428454
5294.056838
4704.716755
4993.539257
3544.965914
4841.225986
5179.456898
5144.161833
5266.210038
5180.363781
5032.652145
5046.724819
5309.436474
4156.427172
4940.401417
4854.019043
5335.679504
579.603611
5167.469571
156.494104
2587.850968
5252.609107
5018.740925
5134.199878
5297.252311
4911.811160
5033.065974
127.003346
4777.014971
4871.182807
5104.884450
5008.186465
3395.935945
4836.656565
4963.632858
5247.234490
2585.700511
5110.656904
4985.696524
5249.386500
1320.318644
899.194939
1246.433101
5204.392095
5294.953562
5290.030147
5216.802500
5296.227360
5171.621020
5036.931650
5379.768125
5267.278756
4891.749145
5353.086882
4645.086842
5061.209053
5180.750597
4982.875750
4968.795003
4347.874258
5026.051725
1405.976673
2776.295147
5151.525641
1599.015349
5157.800068
5171.189210
5622.987357
4852.009639
4936.388274
5476.196284
5481.293552
4944.586332
5484.635756
5488.839549
5040.032361
4633.193775
5070.848512
5056.997490
5179.858017
5224.268162
4935.522273
4974.364101
5033.908045
1393.555235
812.630963
4884.937502
4983.504597
5159.947950
4126.820268
5005.163155
4975.921803
4026.673109
5227.219467
5233.114036
5205.206723
5244.899816
5536.743951
5326.605242
5292.952154
5576.364461
5189.631319
5470.448856
5153.219541
2299.138177
5317.563498
5376.392911
5540.857537
5613.523111
5198.100077
5558.992981
1514.842685
5662.609089
5119.905332
5473.827430
5356.023385
5018.073035
5161.778997
5085.603315
4939.894079
4661.896704
4740.445651
5220.617791
5202.929822
5192.311239
5111.183907
5149.353073
2607.308016
4109.928657
5178.467626
3416.317271
4968.726304
5126.427303
5366.544356
5513.980493
3581.507743
5648.624376
5563.720108
5310.701684
5381.673274
2706.857328
4830.447897
2258.195425
5231.683945
5426.789846
5386.127808
5247.720355
4920.445953
4805.108771
2873.593655
4747.593602
5451.365799
5126.179193
5165.336237
4552.772570
4945.682568
4998.535414
5062.479725
4485.300112
4997.878496
3711.257519
2090.929803
5204.520952
1998.533754
4796.006141
5128.467367
5271.669884
5657.146935
5247.762755
5436.293462
5014.093532
5461.511974
5202.847033
5402.846691
5191.822299
5267.250990
4922.919644
3283.121409
4735.704462
3278.391565
2780.223697
5142.718420
3238.751750
4818.268890
5082.730314
4742.242025
5172.998689
5218.542373
5083.598550
5340.837908
5054.656133
5256.077911
5170.808710
1278.739506
5161.741002
5178.861072
5287.714364
5473.687954
5595.218384
5229.273890
5199.569613
5031.495975
5540.356268
3012.834142
5338.714244
1022.987774
5376.052558
5316.591097
5716.463714
5761.245827
5532.216037
5723.280047
5683.860479
476.909237
5660.056153
772.617701
826.555048
5239.264782
5380.045929
5338.058516
5131.481745
5093.710596
4878.399304
5252.835758
5065.051259
4855.518320
5384.565141
5626.879368
5778.676130
5573.324898
5605.763936
5495.905841
3041.951193
5703.784366
4055.112809
5719.356357
5540.181390
5395.698333
5644.097762
5390.569071
5281.690997
5536.983038
5553.013437
249.692779
5286.699094
2683.069960
5251.137569
5608.844886
5653.598994
5144.629705
2675.105801
5023.318628
5461.959241
4970.463762
417.555624
5492.745015
5402.718277
5089.634119
4007.288476
5095.852958
5399.748334
5158.846923
656.055622
5369.961164
5145.237620
5106.142440
3078.135276
1738.102693
5673.863943
5509.919234
5642.108042
5525.069297
5549.597317
5617.518747
3050.349772
2982.792104
5555.933882
1167.032121
5191.836896
5416.121398
5340.619008
5208.716289
5519.403795
2104.588333
5353.294370
341.613122
5652.056659
5667.917766
5291.032527
5340.905155
5173.542760
5466.592133
5133.258444
2217.850268
5494.046325
5491.167927
5615.467102
5610.854120
5215.930243
5708.889612
5051.744743
5289.402502
5443.528077
5853.480376
5591.000152
5618.722234
309.888595
5253.847954
5334.474500
1205.455327
5515.634045
5593.626158
5597.861210
558.753202
5496.138759
1254.360163
4200.512302
5385.797863
5197.515379
849.707799
1255.779979
5728.448975
5319.941758
3500.401979
526.971576
4618.472247
5357.510144
5868.461342
5206.127341
5649.352537
5521.209566
5489.817128
5739.258944
5532.349818
5537.569087
5329.151865
5420.804264
5364.090668
5438.824626
5614.520852
5357.578785
5111.381599
5613.670329
5394.433812
5401.156312
5511.518888
5251.053204
5488.888746
3570.270460
2433.469908
5282.136338
5786.210282
5483.384058
5519.354486
5656.945213
5516.214364
5714.466753
5425.669991
5576.520858
5773.822678
5792.946125
1004.501070
5537.473502
5711.380875
5684.637810
5238.560751
5257.887158
5620.983244
5326.915258
5307.972525
5167.403436
5105.457498
5231.641829
5058.481662
5186.863826
5415.763845
1943.879044
5715.665621
5503.671972
5506.276421
5658.607903
5655.615575
5631.502471
5543.631267
4939.220406
5516.359779
5496.452066
5552.166044
5637.516787
5506.154250
5592.847170
2302.056827
3411.093639
5508.520608
5895.038075
5623.073055
5328.862415
5258.253972
5346.953595
5648.114152
2848.798397
5295.580106
2596.661356
5182.234490
5571.941986
5389.297952
5660.927066
5644.502265
5556.761328
5506.329980
5302.003401
5543.423956
5340.430003
5389.908531
5643.682956
5536.397031
5341.026018
5543.475904
5398.889286
5352.040614
5267.658936
5537.786903
5442.247065
5572.544419
5620.907513
5559.042697
5501.711014
5516.692120
5680.406260
5587.178663
2279.135816
5800.866948
5554.577965
5600.687757
5759.396218
5641.224339
5531.167029
2955.308919
5483.343541
5585.579139
5722.540054
5608.670688
2145.315535
2825.648632
5545.581309
5400.400140
5476.824808
5586.997857
5935.158628
5391.552549
5434.514099
5584.346742
5576.675680
5861.298907
5721.166112
5813.711671
5682.959675
5826.831408
226.375215
5771.162394
5597.237171
5385.929586
5681.029340
5505.832930
5586.077263
5332.905306
